points[]: 629
width: 629
height: 1
is_dense: 1
sensor origin (xyz): [0, 0, 0] / orientation (xyzw): [0, 0, 0, 1]
-0.320726 -0.289613 -1.90348 
-0.243261 -0.288599 -1.9067 
-0.148172 -0.286622 -1.91078 
-0.0499449 -0.286506 -1.91084 
0.0443831 -0.288104 -1.90861 
0.125106 -0.29165 -1.90274 
-0.21153 -0.037492 -1.912 
-0.704738 -0.345533 -1.80175 
-0.637391 -0.338157 -1.8144 
-0.546049 -0.330779 -1.82855 
-0.44846 -0.3248 -1.84019 
-0.349637 -0.324552 -1.84169 
-0.249584 -0.324662 -1.84234 
-0.149455 -0.324984 -1.84263 
-0.049297 -0.325263 -1.84258 
0.0497984 -0.325715 -1.84282 
0.14995 -0.325815 -1.8435 
0.247612 -0.328048 -1.84072 
0.345706 -0.33465 -1.82896 
0.438853 -0.342566 -1.815 
0.502965 -0.35005 -1.80282 
-0.418532 -0.297673 -1.88627 
-0.348568 -0.296247 -1.89212 
-0.252671 -0.296519 -1.89319 
-0.149288 -0.296447 -1.89252 
-0.0491421 -0.296413 -1.89378 
0.0497721 -0.296317 -1.8936 
0.149654 -0.296726 -1.89339 
0.222675 -0.298857 -1.88725 
-0.716067 -0.0430939 -1.81757 
-0.691777 -0.0438953 -1.81792 
0.364776 -0.0183416 -1.86156 
-0.53324 0.44118 -1.80645 
-0.43417 0.450637 -1.83813 
-0.34132 0.45266 -1.83957 
-0.25031 0.44579 -1.805 
-0.139395 0.469645 -1.81477 
-0.0498175 0.45789 -1.84395 
0.11768 0.45815 -1.8346 
-0.134363 0.522317 -1.82488 
-0.831256 -0.401677 -1.70168 
-0.74205 -0.401284 -1.70291 
-0.645896 -0.401466 -1.7021 
-0.547228 -0.40148 -1.70234 
-0.446213 -0.40141 -1.70335 
-0.348691 -0.401641 -1.70398 
-0.247287 -0.402174 -1.70402 
-0.15074 -0.402274 -1.70375 
-0.0481672 -0.40253 -1.70425 
0.0525193 -0.403137 -1.70521 
0.150666 -0.403336 -1.70611 
0.249989 -0.403888 -1.70695 
0.349793 -0.404209 -1.7076 
0.448312 -0.404491 -1.70772 
0.521631 -0.404143 -1.70748 
-0.905897 -0.38361 -1.70293 
-0.837712 -0.388574 -1.7214 
-0.745714 -0.377425 -1.74321 
-0.649783 -0.374054 -1.75034 
-0.549952 -0.374049 -1.75087 
-0.449904 -0.374023 -1.75155 
-0.34981 -0.374445 -1.75176 
-0.250208 -0.374629 -1.75248 
-0.150541 -0.374969 -1.75263 
-0.0506904 -0.375186 -1.75297 
0.0498893 -0.375726 -1.75331 
0.149571 -0.3759 -1.75487 
0.25007 -0.375869 -1.75581 
0.349982 -0.376074 -1.75632 
0.449891 -0.37607 -1.75673 
0.535042 -0.376621 -1.75428 
0.65499 -0.370715 -1.71994 
0.59395 -0.23908 -1.7071 
0.645991 -0.268051 -1.7355 
-0.97724 -0.10677 -1.7008 
0.62501 -0.187395 -1.73485 
-0.71494 -0.044516 -1.76805 
-0.20475 -0.054029 -1.7627 
-0.19978 -0.053026 -1.7299 
0.663423 -0.027151 -1.7291 
0.778665 0.150365 -1.7023 
-0.89206 0.32189 -1.7136 
-0.80575 0.41797 -1.7462 
-0.743159 0.416113 -1.72258 
-0.651028 0.41916 -1.72775 
-0.546415 0.419697 -1.72436 
-0.440887 0.418113 -1.71105 
-0.344957 0.420685 -1.71657 
-0.268612 0.418913 -1.70749 
-0.12116 0.437277 -1.71524 
-0.0482076 0.421919 -1.71397 
0.0505156 0.422553 -1.71379 
0.150244 0.423868 -1.71662 
0.251337 0.425596 -1.71798 
0.351424 0.4265 -1.71927 
0.410367 0.427315 -1.72009 
-0.132632 0.507352 -1.76932 
-1.0193 -0.447707 -1.61385 
-0.973595 -0.443096 -1.61486 
-0.829351 -0.421862 -1.6614 
-0.749768 -0.429706 -1.64948 
-0.649485 -0.429815 -1.64887 
-0.549671 -0.430333 -1.64893 
-0.449835 -0.430729 -1.64886 
-0.350012 -0.431341 -1.64913 
-0.250111 -0.432358 -1.64856 
-0.150526 -0.432744 -1.64907 
-0.0506827 -0.433441 -1.64894 
0.0500362 -0.434335 -1.64916 
0.149993 -0.435215 -1.64921 
0.249661 -0.436367 -1.6488 
0.349374 -0.436931 -1.64947 
0.448224 -0.436857 -1.65029 
0.548095 -0.436099 -1.64923 
0.646267 -0.438403 -1.63288 
0.744799 -0.443491 -1.63845 
0.819064 -0.456177 -1.61589 
-1.00822 -0.356514 -1.62827 
-0.985355 -0.351491 -1.61514 
-0.878183 -0.382062 -1.67395 
-0.52975 -0.39897 -1.6995 
0.545182 -0.377517 -1.65802 
0.654198 -0.376672 -1.63086 
0.749231 -0.345602 -1.65676 
0.8022 -0.32608 -1.66805 
-1.00883 -0.242463 -1.61773 
-0.92418 -0.24977 -1.65635 
-0.89923 -0.29209 -1.6377 
0.571681 -0.25285 -1.66836 
0.648203 -0.255307 -1.6476 
-1.045 -0.12667 -1.6081 
0.56512 -0.17712 -1.6092 
0.674812 -0.14003 -1.62485 
0.71187 -0.1211 -1.6851 
0.888794 -0.13144 -1.62947 
0.910291 -0.136738 -1.61648 
-1.0935 -0.048516 -1.6355 
-0.192267 -0.043938 -1.62773 
0.59309 -0.08956 -1.61965 
0.71441 -0.0763305 -1.6664 
0.782751 0.0966986 -1.60541 
0.85755 0.091807 -1.61317 
0.914031 0.0889242 -1.61483 
0.769021 0.126703 -1.64159 
0.837591 0.119299 -1.64714 
0.908483 0.102667 -1.62869 
-0.95436 0.22516 -1.642 
0.79311 0.284805 -1.66275 
0.829331 0.282383 -1.65572 
-0.829138 0.344072 -1.6636 
-0.737522 0.377716 -1.63629 
-0.649241 0.377904 -1.63657 
-0.549802 0.377172 -1.63601 
-0.449834 0.37726 -1.6368 
-0.350032 0.377231 -1.63727 
-0.266398 0.377091 -1.63731 
-0.11703 0.376947 -1.63737 
-0.050593 0.377312 -1.63855 
0.0498359 0.376965 -1.6382 
0.14988 0.377039 -1.63838 
0.2498 0.376781 -1.63805 
0.349417 0.37699 -1.63794 
0.412772 0.376582 -1.63636 
0.68364 0.38604 -1.6779 
0.794312 0.355547 -1.63385 
0.833295 0.351088 -1.6371 
-0.737093 0.403977 -1.68153 
-0.647559 0.404519 -1.68184 
-0.549272 0.406183 -1.68486 
-0.449245 0.40707 -1.68635 
-0.349673 0.40786 -1.6879 
-0.268749 0.409146 -1.68642 
-0.120703 0.419805 -1.68212 
-0.0506763 0.407589 -1.68843 
0.0488966 0.407542 -1.68836 
0.149878 0.407427 -1.68853 
0.248828 0.407567 -1.68845 
0.34933 0.407508 -1.68924 
0.412371 0.407926 -1.68862 
0.846595 0.417569 -1.61538 
-1.10702 -0.503918 -1.51323 
-1.0484 -0.505061 -1.50973 
-0.959263 -0.505235 -1.50957 
-0.867099 -0.506222 -1.50951 
-0.725369 -0.505941 -1.51036 
-0.649888 -0.506104 -1.51072 
-0.548333 -0.506495 -1.51117 
-0.451291 -0.506194 -1.51212 
-0.349391 -0.506831 -1.51212 
-0.248714 -0.507169 -1.51297 
-0.150665 -0.507955 -1.51358 
-0.0506037 -0.50828 -1.51475 
0.050665 -0.508563 -1.51615 
0.150395 -0.509401 -1.51609 
0.249656 -0.509755 -1.51725 
0.349857 -0.510331 -1.51761 
0.424001 -0.5098 -1.51865 
0.551677 -0.511099 -1.51883 
0.649863 -0.511065 -1.51941 
0.74946 -0.510967 -1.51946 
0.84944 -0.511112 -1.519 
0.911306 -0.509212 -1.52363 
-1.11034 -0.487484 -1.53998 
-1.04691 -0.479269 -1.55607 
-0.94938 -0.475814 -1.55507 
-0.873314 -0.481752 -1.54552 
-0.74346 -0.476255 -1.5618 
-0.649844 -0.478847 -1.55981 
-0.54983 -0.478957 -1.56019 
-0.449815 -0.479093 -1.56063 
-0.349812 -0.479569 -1.56138 
-0.24993 -0.480103 -1.56221 
-0.150254 -0.480253 -1.56331 
-0.0507129 -0.48063 -1.56421 
0.0493731 -0.481119 -1.56495 
0.149654 -0.481533 -1.5659 
0.24937 -0.481997 -1.56673 
0.349383 -0.482418 -1.56759 
0.431794 -0.480122 -1.56999 
0.565072 -0.483848 -1.56482 
0.649625 -0.48298 -1.569 
0.749658 -0.483061 -1.569 
0.845052 -0.484083 -1.56661 
0.913746 -0.479761 -1.5517 
-1.0031 -0.35358 -1.5995 
-0.957967 -0.348651 -1.55286 
-0.818567 -0.361351 -1.54833 
-0.790318 -0.382725 -1.5208 
0.485669 -0.348663 -1.54098 
0.547948 -0.352066 -1.56723 
0.927457 -0.391368 -1.57106 
-0.957498 -0.237807 -1.56533 
-0.853195 -0.279505 -1.55446 
0.542273 -0.246252 -1.52085 
0.607296 -0.259376 -1.57404 
-1.0054 -0.18124 -1.57975 
-0.930103 -0.152985 -1.55458 
-0.88195 -0.18824 -1.5466 
0.551491 -0.165232 -1.53147 
0.631158 -0.168405 -1.56377 
0.853869 -0.109244 -1.54675 
0.910025 -0.11872 -1.5975 
-1.01628 -0.0596302 -1.5275 
-0.88667 -0.088851 -1.5494 
-0.18976 -0.0417995 -1.5374 
0.553333 -0.053831 -1.51545 
0.667009 -0.0513359 -1.51846 
0.720515 -0.0706018 -1.50592 
0.804515 -0.099344 -1.522 
-1.0558 0.070413 -1.5199 
0.687883 0.0530896 -1.50324 
0.759431 0.061986 -1.54243 
0.843303 0.0574096 -1.55748 
0.907323 0.072115 -1.59044 
-1.01915 0.124965 -1.56525 
-0.99613 0.15664 -1.5901 
0.682784 0.12108 -1.54998 
0.729642 0.106759 -1.58644 
-0.805605 0.28432 -1.53085 
-0.741575 0.298445 -1.50208 
-0.660001 0.298817 -1.50178 
-0.551836 0.298656 -1.50179 
-0.443129 0.29834 -1.50226 
-0.34859 0.298385 -1.50328 
-0.258059 0.298349 -1.50291 
-0.113012 0.29813 -1.50342 
-0.0531987 0.298241 -1.50368 
0.0496355 0.298193 -1.5036 
0.149194 0.298111 -1.50414 
0.248662 0.298086 -1.50424 
0.347018 0.298205 -1.50394 
0.415897 0.29846 -1.50383 
-0.805598 0.31357 -1.57958 
-0.732762 0.327707 -1.55085 
-0.649544 0.327486 -1.5509 
-0.549235 0.326811 -1.55064 
-0.449784 0.326688 -1.55102 
-0.349782 0.326648 -1.5518 
-0.261309 0.32614 -1.55088 
-0.116198 0.327109 -1.55255 
-0.0505445 0.326762 -1.55303 
0.0498541 0.326443 -1.55282 
0.149969 0.326607 -1.55351 
0.249904 0.326432 -1.55305 
0.349742 0.326799 -1.55305 
0.415795 0.325776 -1.5504 
0.89851 0.38922 -1.5937 
-0.23082 0.44341 -1.5498 
-0.12841 0.451855 -1.57575 
0.860236 0.434327 -1.59553 
-1.10218 -0.510666 -1.49822 
-1.04027 -0.534884 -1.45486 
-0.952838 -0.53909 -1.44558 
-0.847607 -0.538508 -1.44953 
-0.749118 -0.536175 -1.45091 
-0.647677 -0.538491 -1.45077 
-0.550009 -0.539896 -1.44863 
-0.449374 -0.540198 -1.4489 
-0.34971 -0.541478 -1.44863 
-0.249936 -0.542386 -1.4489 
-0.150133 -0.543483 -1.44841 
-0.0501407 -0.54435 -1.44885 
0.0498669 -0.545209 -1.44941 
0.149578 -0.546897 -1.44842 
0.249917 -0.547821 -1.44892 
0.349971 -0.548086 -1.4492 
0.444965 -0.546598 -1.43472 
0.549492 -0.5492 -1.44929 
0.649947 -0.550157 -1.44889 
0.749701 -0.550202 -1.44879 
0.842313 -0.547512 -1.45392 
0.904251 -0.524115 -1.49537 
-0.920818 -0.473176 -1.46623 
-0.865327 -0.444711 -1.44654 
-0.735662 -0.456872 -1.45121 
-0.697537 -0.4506 -1.40563 
0.399707 -0.481622 -1.42332 
0.413175 -0.474963 -1.41711 
0.50554 -0.42458 -1.4817 
-0.918374 -0.330525 -1.46475 
-0.854833 -0.369862 -1.44112 
-0.763332 -0.351607 -1.44974 
0.447326 -0.361097 -1.43922 
0.520984 -0.347735 -1.4678 
-0.90453 -0.25696 -1.4744 
-0.845981 -0.263423 -1.45078 
-0.78728 -0.24864 -1.4269 
0.466094 -0.247456 -1.44181 
0.535088 -0.259261 -1.44235 
-0.90627 -0.12448 -1.4019 
-0.813393 -0.155407 -1.4118 
0.48614 -0.153116 -1.43156 
0.536693 -0.152224 -1.45751 
0.79915 -0.10027 -1.4774 
0.813079 -0.1032 -1.46726 
-0.959613 -0.050408 -1.43823 
-0.849148 -0.0863192 -1.4668 
-0.17726 -0.040086 -1.4345 
0.573282 -0.030629 -1.42037 
0.667734 -0.0292481 -1.43412 
0.740108 -0.0398854 -1.43034 
0.806342 -0.0554392 -1.44542 
-0.98065 0.0004406 -1.4374 
0.59304 0.0018248 -1.4025 
0.666395 0.0214314 -1.46307 
0.745204 0.0179718 -1.46646 
0.816145 0.015071 -1.47906 
-0.915767 0.137983 -1.4473 
-0.842439 0.177773 -1.41506 
-0.820378 0.21402 -1.44223 
-0.731381 0.268096 -1.44723 
-0.649344 0.268184 -1.44748 
-0.549651 0.267687 -1.44737 
-0.449724 0.267507 -1.44795 
-0.349878 0.266824 -1.44752 
-0.25594 0.26602 -1.4468 
-0.114535 0.266283 -1.44806 
-0.0499462 0.265946 -1.44744 
0.0501895 0.265937 -1.44788 
0.149881 0.265631 -1.44787 
0.249612 0.265588 -1.44821 
0.349605 0.266129 -1.449 
0.418936 0.265179 -1.44669 
-0.214584 0.323206 -1.44997 
-0.130026 0.35797 -1.44815 
0.36642 0.32279 -1.43883 
0.42192 0.3043 -1.4921 
0.58573 0.34001 -1.4852 
-0.21696 0.4069 -1.4289 
-0.128003 0.414453 -1.44823 
-1.00699 -0.608233 -1.32065 
-0.954245 -0.609554 -1.31749 
-0.85294 -0.610092 -1.31764 
-0.749142 -0.610593 -1.3191 
-0.649484 -0.610673 -1.31937 
-0.550022 -0.611197 -1.31936 
-0.449302 -0.611446 -1.32062 
-0.349355 -0.6122 -1.32166 
-0.249691 -0.612787 -1.32216 
-0.149553 -0.612957 -1.32318 
-0.050127 -0.613397 -1.32399 
0.0503765 -0.613896 -1.32493 
0.150368 -0.614486 -1.32618 
0.249985 -0.615056 -1.32665 
0.349635 -0.615125 -1.32795 
0.450132 -0.615614 -1.32773 
0.549721 -0.615948 -1.32781 
0.649693 -0.61621 -1.32917 
0.749346 -0.616547 -1.33003 
0.813662 -0.613585 -1.33554 
-1.01921 -0.580068 -1.3719 
-0.947861 -0.581538 -1.36428 
-0.850193 -0.579221 -1.36417 
-0.748757 -0.573496 -1.36391 
-0.658754 -0.568103 -1.36511 
-0.549366 -0.583479 -1.36907 
-0.449946 -0.58375 -1.37022 
-0.350292 -0.584467 -1.37116 
-0.250276 -0.584883 -1.37198 
-0.150758 -0.585273 -1.3726 
-0.0505071 -0.585779 -1.37362 
0.0493564 -0.58625 -1.37473 
0.149548 -0.587098 -1.3757 
0.249314 -0.587639 -1.37638 
0.349115 -0.587603 -1.37805 
0.448821 -0.588077 -1.37766 
0.548925 -0.588096 -1.37829 
0.648933 -0.588753 -1.37873 
0.749078 -0.588721 -1.37982 
0.824181 -0.587597 -1.38092 
-0.843688 -0.461651 -1.35458 
-0.714352 -0.466887 -1.32125 
-0.682172 -0.459255 -1.32522 
0.399692 -0.422202 -1.39175 
0.416877 -0.439247 -1.37607 
-0.81767 -0.365446 -1.36684 
-0.76334 -0.353596 -1.33487 
-0.680344 -0.37994 -1.3128 
0.399816 -0.36862 -1.36101 
0.415385 -0.352104 -1.33188 
-0.822853 -0.259158 -1.35419 
-0.743685 -0.252501 -1.33749 
0.409559 -0.273349 -1.31627 
0.51397 -0.236855 -1.39165 
-0.862118 -0.151337 -1.36239 
-0.762818 -0.169749 -1.33812 
0.450298 -0.155401 -1.33657 
0.52129 -0.151605 -1.35609 
-0.939193 -0.0168234 -1.39203 
-0.8873 -0.0525065 -1.33265 
-0.765875 -0.0752833 -1.3367 
-0.169988 -0.0315921 -1.32289 
0.464616 -0.0698627 -1.34049 
0.542841 -0.0342275 -1.3519 
0.693036 -0.0526067 -1.39719 
0.741403 -0.0574642 -1.38878 
-0.91384 0.091935 -1.3684 
-0.88778 0.088214 -1.32933 
0.57132 0.0337789 -1.34265 
0.610232 0.0803392 -1.36638 
-0.90308 0.11463 -1.3929 
-0.844992 0.14121 -1.35945 
-0.72827 0.191456 -1.31659 
-0.65037 0.191158 -1.31503 
-0.549996 0.191058 -1.31501 
-0.449391 0.19114 -1.31554 
-0.350101 0.190739 -1.31538 
-0.249233 0.190338 -1.31567 
-0.150393 0.190239 -1.31694 
-0.0499831 0.190302 -1.31708 
0.0499752 0.189887 -1.31676 
0.149511 0.189823 -1.31671 
0.249775 0.189783 -1.31704 
0.349044 0.189592 -1.3172 
0.423892 0.189473 -1.31685 
0.58664 0.105073 -1.37657 
0.67601 0.142395 -1.38155 
-0.7282 0.220362 -1.36516 
-0.649375 0.219773 -1.36426 
-0.549524 0.219538 -1.36426 
-0.450149 0.219546 -1.36477 
-0.349809 0.218863 -1.36434 
-0.247085 0.221288 -1.3627 
-0.158766 0.249783 -1.33819 
-0.0504288 0.218292 -1.36546 
0.0494445 0.2183 -1.36593 
0.149447 0.218321 -1.36628 
0.249479 0.218225 -1.36646 
0.349722 0.218538 -1.36695 
0.422359 0.217823 -1.3659 
-0.205375 0.352443 -1.31854 
-0.154044 0.32452 -1.31151 
0.33576 0.3288 -1.3974 
0.52228 0.38157 -1.3306 
-0.2164 0.4001 -1.3975 
-1.00133 -0.62156 -1.29703 
-0.938944 -0.646332 -1.24728 
-0.86004 -0.647862 -1.24349 
-0.742025 -0.643821 -1.24077 
-0.649198 -0.652255 -1.24319 
-0.549508 -0.65316 -1.24259 
-0.449666 -0.653783 -1.2428 
-0.349681 -0.655022 -1.24251 
-0.249815 -0.65604 -1.24205 
-0.150321 -0.657067 -1.24189 
-0.0502711 -0.658052 -1.24164 
0.0498846 -0.659224 -1.24152 
0.149549 -0.660062 -1.24172 
0.249756 -0.66151 -1.24117 
0.349722 -0.662513 -1.24067 
0.449485 -0.663136 -1.24048 
0.549518 -0.664119 -1.23965 
0.649296 -0.664592 -1.24008 
0.74199 -0.664088 -1.24299 
0.802709 -0.637781 -1.29012 
-0.910843 -0.588608 -1.2589 
-0.847911 -0.563749 -1.25557 
-0.778462 -0.549416 -1.22955 
-0.83125 -0.477153 -1.25814 
-0.748685 -0.438211 -1.24673 
-0.686479 -0.419175 -1.28928 
-0.80328 -0.39732 -1.296 
-0.72976 -0.349358 -1.24643 
-0.682472 -0.346434 -1.26083 
0.419368 -0.306685 -1.29706 
-0.718522 -0.279811 -1.2159 
-0.681417 -0.262724 -1.22 
0.416964 -0.245783 -1.26857 
-0.809965 -0.16284 -1.28078 
-0.743854 -0.16 -1.23616 
-0.680108 -0.188369 -1.20768 
0.415457 -0.158647 -1.22642 
-0.83726 -0.06936 -1.2649 
-0.733633 -0.0751436 -1.22935 
-0.16117 -0.0215463 -1.27781 
0.41485 -0.0760318 -1.21602 
0.514228 -0.0342188 -1.28068 
-0.831012 0.0597059 -1.23006 
0.48774 0.023215 -1.2012 
0.531679 0.0325553 -1.26529 
-0.724805 0.15348 -1.2493 
-0.64921 0.152481 -1.24757 
-0.549254 0.15257 -1.24824 
-0.449314 0.152025 -1.24776 
-0.349377 0.151813 -1.24804 
-0.249804 0.151173 -1.24785 
-0.149688 0.151174 -1.24875 
-0.0498135 0.151123 -1.2492 
0.0498443 0.150295 -1.24817 
0.149662 0.150176 -1.24864 
0.249518 0.14977 -1.24847 
0.349904 0.149244 -1.2478 
0.425154 0.148573 -1.24737 
0.3301 0.26665 -1.2754 
-0.201653 0.360523 -1.28829 
-0.164861 0.353844 -1.28355 
-0.927237 -0.679721 -1.18682 
-0.858712 -0.676439 -1.18105 
-0.75676 -0.667045 -1.17519 
-0.649494 -0.681976 -1.1878 
-0.549581 -0.682281 -1.18797 
-0.449755 -0.682758 -1.18885 
-0.34976 -0.683367 -1.18943 
-0.249466 -0.683916 -1.19014 
-0.14961 -0.684441 -1.19058 
-0.0502577 -0.685102 -1.19136 
0.0494434 -0.685659 -1.19216 
0.14945 -0.686271 -1.19297 
0.24965 -0.686806 -1.19355 
0.349523 -0.687558 -1.19442 
0.449502 -0.687727 -1.19461 
0.549046 -0.688185 -1.19509 
0.648511 -0.688388 -1.19543 
0.732157 -0.688958 -1.19616 
-0.825938 -0.548567 -1.16444 
-0.786883 -0.582522 -1.17357 
-0.804099 -0.488522 -1.16538 
-0.785461 -0.455475 -1.18115 
-0.709064 -0.23103 -1.18366 
-0.686567 -0.226016 -1.18522 
-0.710656 -0.148666 -1.1405 
-0.684121 -0.149057 -1.15238 
0.420363 -0.115674 -1.19222 
-0.718964 -0.0814892 -1.11381 
-0.677316 -0.0662375 -1.12237 
-0.51675 -0.0232831 -1.10191 
-0.430677 -0.0190146 -1.10189 
-0.342734 -0.0136192 -1.10388 
-0.249743 -0.00950195 -1.10683 
-0.151281 -0.00799446 -1.11302 
-0.0510618 -0.0067337 -1.11871 
0.0482023 -0.00556091 -1.12402 
0.147435 -0.0045493 -1.12974 
0.247533 -0.00352314 -1.13435 
0.345672 -0.00259788 -1.13977 
0.417345 -0.0472491 -1.16208 
-0.72141 0.084568 -1.12832 
-0.649386 0.0845746 -1.12777 
-0.549488 0.0848971 -1.12906 
-0.448749 0.0841909 -1.12833 
-0.349943 0.0832117 -1.12785 
-0.246995 0.0723875 -1.12491 
-0.147793 0.0539366 -1.1194 
-0.0484204 0.0481342 -1.11854 
0.0500762 0.0466154 -1.12032 
0.149725 0.0463256 -1.12317 
0.249629 0.0461209 -1.12586 
0.349581 0.0464982 -1.12884 
0.423957 0.0477594 -1.12546 
0.50714 0.0585185 -1.17455 
-0.721979 0.112676 -1.17799 
-0.649735 0.1125 -1.17821 
-0.549928 0.112489 -1.17852 
-0.450307 0.112189 -1.17916 
-0.349666 0.111882 -1.17854 
-0.249934 0.111685 -1.17873 
-0.150419 0.111867 -1.17998 
-0.0503994 0.111774 -1.18011 
0.0496107 0.111345 -1.17997 
0.1501 0.110967 -1.1801 
0.24984 0.110651 -1.1803 
0.348863 0.110351 -1.18059 
0.427624 0.110316 -1.18022 
0.29005 0.24555 -1.1686 
0.409547 0.317703 -1.11217 
-0.846765 -0.61659 -1.0936 
-0.8593 -0.59468 -1.0914 
-0.710226 -0.038574 -1.08113 
-0.662166 -0.0244667 -1.08256 
-0.550217 -0.0131585 -1.0879 
-0.45278 -0.0111747 -1.09321 
-0.360879 -0.00709656 -1.09691 
-0.270113 -0.00579187 -1.09729 
-0.168153 -0.0156797 -1.09243 
-0.098678 -0.0139 -1.087 
0.167555 -0.0078973 -1.09575 
-0.71496 0.0386168 -1.05975 
-0.649811 0.0325621 -1.05973 
-0.549202 0.0334277 -1.06506 
-0.449559 0.0331916 -1.06964 
-0.349601 0.0328481 -1.07409 
-0.251251 0.0349964 -1.07763 
-0.151457 0.0414049 -1.07787 
-0.0522078 0.0466266 -1.07719 
0.0485539 0.0496286 -1.07818 
0.148795 0.0508635 -1.08117 
0.248221 0.0519966 -1.08472 
0.348064 0.0532149 -1.08838 
0.428104 0.053887 -1.09142 
