botella con silla.obj
size 0.01 error 0.02
50.4419
49.1479
51.9375
51.3292
49.8314
49.187
47.0867
52.6244
47.258
50.9804
size 0.01 error 0.03
44.095
45.0352
46.3492
44.1683
45.2518
43.4728
43.0114
40.4053
43.9924
45.108
size 0.01 error 0.05
38.7915
42.0168
41.8829
41.3606
39.7576
42.1433
43.1408
40.887
42.5519
40.8563
size 0.05 error 0.02
95.3092
95.935
96.4286
96.162
96.1905
96.9048
96.0581
96.1864
95.7576
95.5466
size 0.05 error 0.03
93.6538
94.7859
93.7023
94.3074
93.7743
91.6828
94.636
92.381
92.9791
93.346
size 0.05 error 0.05
77.1523
76.4895
77.5081
78.4893
79.7771
76.9481
77.5444
78.0096
77.1475
75.7025
size 0.1 error 0.02
99.3151
100
100
99.2
99.3056
99.2
100
99.2
99.2
100
size 0.1 error 0.03
99.2
98.7179
99.2
99.2
97.351
99.3421
99.2
98.4
100
97.973
size 0.1 error 0.05
98.3051
98.324
98.8636
97.6608
98.8701
98.2659
98.3333
98.2955
98.2857
98.3051
bote.obj
size 0.01 error 0.02
20.6193
21.454
21.2811
20.582
21.9178
20.67
20.2981
20.8039
21.4487
19.8441
size 0.01 error 0.03
11.9982
13.2261
13.0947
12.7813
13.2763
13.6182
12.2721
12.4332
12.9329
13.7439
size 0.01 error 0.05
6.3811
6.08925
6.38298
6.32209
6.51401
6.41652
6.30009
5.9099
6.58307
6.42222
size 0.05 error 0.02
89.0411
93.1507
93.1034
93.1034
93.1507
89.0411
91.7808
92.3729
91.6667
93.1507
size 0.05 error 0.03
88.8112
90.411
90.411
87.9699
91.7808
86.5248
86.5672
90.2098
91.7808
90.411
size 0.05 error 0.05
48.2412
46.6981
51.9048
47.1963
50.2415
54.067
52.2388
46.2264
50.7389
46.89
size 0.1 error 0.02
100
100
100
100
100
100
100
100
100
100
size 0.1 error 0.03
100
100
100
100
100
100
100
100
97.9592
100
size 0.1 error 0.05
95.4545
94.0299
93.8462
96.875
92.4242
92.5373
96.8254
89.5522
95.3125
93.6508
starbux.obj
size 0.01 error 0.02
42.1957
42.1009
42.3922
42.3109
42.3958
42.6344
42.6674
41.8337
42.5199
41.5481
size 0.01 error 0.03
30.7514
31.1426
30.5114
30.9017
32
31.0278
30.1134
30.7595
30.2824
31.6283
size 0.01 error 0.05
21.0892
20.6279
21.2352
21.2473
20.4262
21.4043
21.1287
20.3917
20.6886
20.6528
size 0.05 error 0.02
90.9091
91.0526
90.3743
90
91.3043
89.8936
87.8307
89.8936
90.7104
93.0636
size 0.05 error 0.03
82.1862
77.2201
80.0781
72.093
74.6154
76.0784
72.8302
77.5194
74.8031
77.8656
size 0.05 error 0.05
33.7182
34.2169
33.4118
35.5609
33.2553
38.1418
34.5238
33.8061
33.7321
32.7945
size 0.1 error 0.02
92.7536
89.8551
91.3043
88.4058
86.9565
88.4058
88.4058
91.3043
91.3043
91.3043
size 0.1 error 0.03
89.8551
89.8551
89.8551
91.3043
89.8551
89.8551
88.4058
89.8551
88.4058
89.8551
size 0.1 error 0.05
86.9565
88.4058
85.5072
85.5072
88.4058
84.058
89.8551
85.5072
85.5072
84.058
tubo culiao.obj
size 0.01 error 0.02
48.9583
56.25
52.0833
46.875
32.2917
59.375
58.3333
43.617
31.25
43.75
size 0.01 error 0.03
39.5833
37.5
51.0417
51.0417
43.1579
47.9167
39.5833
45.8333
47.9167
45.8333
size 0.01 error 0.05
36.4583
33.3333
28.125
39.5833
31.5789
44.7917
28.125
55.2083
15.625
45.8333
size 0.05 error 0.02
93.1818
94
90.9091
92.1569
95.4545
92
88.4615
96.0784
94.1176
89.0909
size 0.05 error 0.03
91.3793
92.3077
90
90
86.2069
80.3571
83.9286
85.9649
87.2727
86.7924
size 0.05 error 0.05
58.5714
77.6119
74.2424
64.6154
53.6232
67.1429
58.3333
52.1739
71.6667
65.0794
size 0.1 error 0.02
100
100
100
96.4286
100
96.4286
100
100
100
92.8571
size 0.1 error 0.03
94.7368
85.7143
94.4444
97.0588
94.1176
94.2857
96.9697
91.1765
100
91.1765
size 0.1 error 0.05
95.2381
89.1892
85.7143
90.4762
91.1765
92.1053
90.2439
97.2222
90.4762
92.3077
